USER = llpw83 (H Cai),
ALGORITHM CODE = GA, NAME OF CITY-FILE = AISearchfile535.txt,
SIZE = 535, TOUR LENGTH = 50038,
469,97,220,130,502,14,160,79,447,206,495,369,242,233,26,116,500,417,308,155,353,348,170,200,424,39,387,74,463,46,468,189,286,458,381,419,492,452,332,250,351,470,138,360,181,324,390,321,66,11,277,207,89,101,118,164,58,93,9,364,183,448,396,88,418,1,127,456,330,57,461,529,95,343,182,192,151,30,267,481,516,327,427,309,111,210,323,110,165,234,391,404,20,316,518,274,341,278,528,325,459,524,186,530,464,230,331,300,153,213,479,259,209,455,43,8,91,296,239,291,342,238,142,38,473,525,128,166,34,410,135,443,290,65,92,399,298,435,180,149,222,306,252,408,248,218,273,354,311,457,246,430,339,441,365,434,336,383,474,532,119,319,163,265,137,520,217,140,236,283,285,215,287,161,490,124,488,194,224,216,363,5,453,507,425,281,394,509,107,240,154,282,489,358,337,29,491,257,56,188,303,329,244,486,398,493,59,517,445,143,359,299,174,60,75,103,484,73,208,349,386,440,245,519,48,173,0,199,499,147,254,68,158,171,187,87,275,409,334,243,132,134,157,108,320,185,344,2,355,123,480,415,478,379,42,449,184,346,505,19,378,167,94,271,62,471,262,416,421,280,177,159,263,221,318,122,232,61,212,352,433,100,367,501,289,310,477,514,178,52,437,350,413,403,527,451,55,4,202,219,31,523,384,475,152,372,102,25,69,406,454,228,113,179,382,21,237,482,436,78,411,6,272,121,260,98,28,429,335,23,76,44,261,105,33,12,534,264,338,231,197,431,497,400,211,370,141,293,16,504,356,326,368,24,407,302,426,83,317,361,114,256,7,198,515,106,333,99,70,357,3,322,314,41,423,112,104,196,195,251,125,120,377,521,485,487,72,77,374,414,513,205,304,345,472,17,395,270,506,385,214,496,508,279,169,340,49,392,297,51,146,483,362,18,168,412,294,148,133,401,139,191,450,36,315,422,40,465,227,32,428,235,71,268,37,226,380,115,266,312,53,503,439,288,129,393,67,328,190,494,241,156,371,305,301,13,54,522,85,347,247,258,47,193,276,460,109,446,255,145,201,462,432,366,375,512,144,35,96,405,402,22,90,223,225,126,533,269,150,307,313,63,229,466,389,420,295,388,476,27,498,117,86,81,82,162,136,175,444,172,511,203,45,284,510,253,397,526,438,204,292,467,376,64,373,131,176,442,531,15,10,50,80,249,84,
NOTE = Multi-start Nearest Neighbor Initialization: Execute the nearest neighbor algorithm from multiple different starting points to construct initial solutions, improving the quality and diversity of the initial population.
Elite Selection: Preserve the best individuals in each generation without subjecting them to crossover and mutation, preventing the loss of optimal solutions during evolution.
Top-k Parent Selection: Select the top-ranking individuals as parents based on path length sorting, ensuring crossover occurs between high-quality solutions.
Partially Mapped Crossover (PMX): Exchange gene segments between two parents while maintaining city uniqueness to generate valid offspring paths.
Reverse Mutation: Randomly select and reverse a segment of the path to break out of local optima and increase population diversity.
The parameter values are 'max_it' = 500 and 'pop_size' = 150.
RUN-TIME = 286.3 seconds.
DATE-TIME = 30/04/2025-21:47:36.
CERTIFICATE = 97422.
