SIZE = 17,
352,402,351,426,287,391,578,661,153,257,633,232,120,202,34,169,
353,324,528,567,74,324,292,35,250,154,282,61,239,110,208,
262,364,191,182,638,360,29,444,495,505,476,199,289,196,
202,83,150,421,196,390,77,63,555,80,165,134,572,
472,745,237,157,121,289,483,332,685,246,349,542,
211,70,189,84,439,254,27,47,420,346,68,
466,336,142,184,145,243,108,268,105,326,
314,297,95,435,437,329,53,240,297,
55,91,228,338,488,140,105,412,
96,336,36,238,518,236,301,
390,264,112,448,309,227,
249,267,57,29,383,
372,123,259,175,
383,530,150,
207,240,
154,
NOTE = 