SIZE = 58,
652,875,478,1564,519,1112,968,525,287,2884,4494,523,2266,949,3070,447,3325,631,2865,2470,577,455,2058,1635,3342,2356,640,758,2878,366,3219,2889,354,1546,1023,708,673,728,274,2808,3709,1362,3487,390,996,1304,837,623,3036,367,599,520,1225,1293,3185,3120,1036,
1507,531,992,178,1651,474,707,846,3512,5181,687,2159,1140,3371,968,3864,1145,3165,2566,691,757,2393,1096,4029,2678,138,254,3049,856,3462,3428,1079,1627,1214,806,1353,1249,374,3495,4396,2044,3841,300,1297,1646,960,810,3658,978,1127,945,1416,730,3486,3328,476,
1634,2358,1332,209,1705,919,721,2013,4074,880,1350,1348,2414,607,2422,459,2211,1619,991,827,1612,2199,2922,1726,1452,1495,1946,754,2493,1986,774,1238,1174,1930,974,359,1109,2388,3289,932,2620,1202,908,1438,2265,983,2718,517,490,1383,1608,2087,2617,2359,1838,
818,709,1839,176,970,1102,3643,5265,949,2725,1402,3639,1230,4052,1407,3434,3039,802,1019,2517,413,4113,2925,489,283,3305,1152,3724,3616,1041,1889,1468,213,1444,1511,675,3579,4480,2133,4108,561,1565,1763,435,1072,3926,1232,1407,938,1678,547,3754,3590,290,
1177,2559,665,1645,1776,4363,6089,1747,3554,2073,4306,1905,4772,2082,4099,3706,1717,1694,3346,760,4947,3590,1126,887,3987,1827,4399,4036,1716,2654,2151,562,2266,2179,1350,4408,5304,2957,4774,1236,2230,2592,607,1742,4591,2093,2185,1471,2353,262,4589,4265,528,
1538,652,536,670,3336,5000,517,1189,969,3200,798,3751,975,2995,2600,528,587,2083,1274,3848,2486,124,432,2878,720,3402,3315,609,1450,1044,984,1177,1078,243,3314,4215,1868,3665,129,1126,1329,1138,640,3487,800,975,767,1246,908,3310,3158,639,
1906,1015,922,2120,4267,960,1199,1145,2217,715,2225,537,2010,1422,1087,923,1461,2400,3125,1529,1653,1716,1743,955,2296,1789,1000,1030,965,2131,1175,436,1289,2551,3482,1133,2423,1352,716,1238,2466,1083,2521,718,693,1588,1282,2288,2420,2162,2039,
982,1119,3710,5423,967,2901,1420,3744,1301,4119,1424,3547,2845,1059,1036,2693,771,4291,3047,347,224,3334,1169,3741,3683,1153,1901,1480,479,1609,1421,692,3752,4648,2300,4116,578,1577,1939,629,1079,4020,1249,1424,1216,1695,394,3848,3607,137,
337,2936,4759,102,1441,429,2649,319,3227,486,2444,2068,72,98,1542,1535,3607,1954,652,777,2358,590,2913,2791,171,1021,498,1258,1009,590,524,3073,3969,1622,3122,408,586,8700,1596,97,2936,448,435,1046,700,1139,2764,2595,1115,
2730,4588,235,1557,771,2780,276,3135,451,2575,2182,407,217,1990,1882,3436,2066,791,909,2713,287,2991,2699,158,1030,835,1395,760,546,439,2902,3803,1451,3333,5410,706,2699,1740,334,3067,279,314,578,1050,1505,2895,2915,1248,
6083,3026,2390,3236,2083,2543,806,2464,2109,1991,3008,2844,2368,4208,4925,2107,3457,3500,2437,2763,2040,947,2934,2922,3503,3939,2973,2364,3093,4391,5298,2941,1571,3207,2824,3116,4274,3006,2108,2522,2636,3392,3937,4092,2170,1958,3843,
4771,5404,5167,6472,4447,6480,4299,6265,5676,4902,4826,5724,5830,2230,5784,5126,5221,6002,4276,6553,6044,4628,5071,4993,5561,3830,4199,4747,1686,785,3142,6678,4876,4746,5271,5891,4922,6776,4353,4645,4720,5951,5756,6675,6417,5511,
1543,533,2753,217,3206,389,2537,2074,170,80,1642,1514,3617,1960,754,756,2263,488,2891,2770,107,992,600,942,950,497,502,3083,3986,1639,3209,388,668,888,1580,199,3162,342,335,976,802,1352,2857,2697,1095,
1123,1211,2042,1882,1345,1006,636,1434,1435,259,2986,4252,522,2098,2532,739,2331,1447,1446,2049,1394,1460,3033,2286,1408,1974,3718,4619,2278,1681,1860,851,962,3351,1339,1498,1878,1517,2951,1210,2899,1326,1337,2570,
2409,722,3004,889,2204,1834,554,502,1275,1967,4015,1720,1063,1210,1937,1014,2492,2571,567,600,184,1698,1433,993,971,3481,4615,2035,2804,846,434,527,2037,339,2696,852,856,1470,279,1802,2524,2267,1553,
2597,1582,2568,257,953,2721,2658,1141,4204,5330,839,3316,3441,512,3065,184,1146,2734,1750,2209,3935,3380,2651,3180,4848,5687,3338,800,3072,2068,1889,4270,2559,297,2923,2740,3585,2130,4041,125,135,3784,
2928,184,2392,1997,391,227,1849,1795,3294,1883,919,1037,2515,432,2746,2492,148,847,783,1423,894,282,635,2761,3662,1310,3064,669,523,1095,1783,416,2884,192,98,892,1019,1638,2712,2914,1381,
2750,1608,1715,3299,3136,1869,4617,5338,1601,3866,3929,1861,3168,1544,446,3213,2425,3178,4344,3388,2649,3502,4764,5695,3346,1070,3565,2929,2417,4679,3295,1607,2931,2906,3801,2844,4501,1669,1451,4252,
2406,1968,558,411,1748,1972,3147,1854,1096,1214,2266,498,2717,2314,315,818,754,1700,1063,112,960,2613,3514,1162,2948,846,494,994,2038,588,2855,239,137,1076,1188,1839,2683,2563,1560,
770,2527,2453,936,3999,5123,656,3110,3236,307,2860,343,1172,2529,1545,2004,3730,3173,2305,2975,4549,5480,3131,1052,2866,1863,1684,4065,2354,549,2619,2535,3380,1925,3828,372,211,3579,
2388,1844,564,3604,4756,114,2736,2841,330,2465,924,1284,2134,1175,1638,3335,2585,2031,2580,4182,5113,2543,1273,2267,1260,1340,3670,1984,1240,2349,2142,2905,1557,3433,1068,931,3184,
170,1610,1489,3750,2274,722,702,2430,602,2985,2864,243,1093,570,1340,1081,662,506,3145,4117,1770,3199,392,658,856,1668,86,3008,520,508,1118,772,1356,2836,2667,1099,
1702,1584,3674,1944,708,826,2182,560,2869,2700,75,908,844,1312,1004,508,572,3140,4041,1694,3125,458,584,948,1650,169,2945,383,287,1096,781,1423,2773,2793,1165,
3082,4572,452,2336,2324,669,2123,1377,1422,1841,801,1252,2805,2624,1811,2057,4038,4929,2582,1647,2094,1116,754,3143,1612,1428,2020,1950,2627,1002,2686,1256,1267,2806,
4678,3490,1232,1494,3870,1717,4504,4181,1606,2454,2033,312,2009,2076,1240,4144,5045,2698,4673,1126,2130,2328,254,1637,4491,1797,2072,1185,2243,300,4319,4155,634,
4642,3974,4069,4850,3124,4875,4902,3476,3919,3841,4409,2688,3047,3595,544,1445,1990,5536,3724,3594,4124,4739,3770,5634,3201,3538,3558,4799,4604,5533,5274,4359,
2620,2727,367,2351,925,1170,2020,1061,1524,3221,2692,1917,2466,4068,4999,2650,1385,2379,1354,1226,3556,1870,1126,2235,2026,2871,1441,3319,954,815,3070,
189,2845,841,3545,3430,730,1671,1165,940,1298,1191,364,3440,4341,1989,3786,250,1247,1582,1090,761,3603,921,1096,888,1342,855,3431,3451,598,
3124,959,3531,3493,848,2243,1275,701,1398,1311,482,3535,4436,2089,3906,368,1367,1570,851,879,4225,1039,1214,788,1485,606,3551,3397,359,
2963,594,1425,2251,1278,1737,3601,2906,2166,2878,4316,5217,2870,1302,2601,1600,1417,3936,2087,799,2691,2635,3399,1658,3716,627,464,3467,
3214,2732,329,1315,1088,1445,455,589,705,2590,3491,1144,3366,591,991,1369,1783,688,3352,345,394,607,1290,1493,3180,3185,1236,
1103,2883,1934,2449,4017,3459,2655,3277,4835,5766,3417,681,3163,2223,1972,4362,2831,228,2973,2889,3734,2366,4128,130,147,3870,
2777,1994,2742,3908,2952,2213,3066,4328,5259,2910,634,3129,2493,2105,4243,2859,1171,2495,2470,3365,2413,4065,1233,1011,3816,
984,669,1335,941,419,594,2942,3843,1491,3201,480,660,1087,1672,268,3021,287,359,842,871,1444,2849,2766,1187,
554,2182,2553,881,1542,3385,4286,1939,2217,1328,324,432,2510,887,2037,1074,990,1835,456,2293,1865,1876,2040,
1756,1488,817,1022,3307,4208,1861,2676,915,260,498,2094,523,2496,946,926,1771,257,1637,2324,2339,1627,
1740,1798,968,3875,4776,2429,4401,854,1861,2051,273,1355,4222,1525,1710,1288,1971,354,4050,3883,342,
964,926,2149,3045,693,3586,1041,1442,1972,2070,1101,3684,696,772,887,2128,1935,3583,3322,1686,
1064,2513,3414,1062,2846,950,557,1057,2134,692,2918,288,234,1174,1248,1931,2746,2623,1672,
3061,3962,1615,3635,114,1106,1303,1306,625,3467,705,1060,524,1231,1016,3295,3134,759,
901,1456,4962,3190,3060,3590,4505,3236,5060,2667,2959,3024,4265,4002,4959,4701,3825,
2357,5893,4091,3961,4708,5106,4137,5991,3568,3860,3925,5166,4971,5890,5632,4791,
3544,1734,1609,2139,2759,1790,3642,1216,1193,1578,2819,2624,3304,3283,2379,
3542,2535,2395,4739,3032,537,3129,3104,3998,2636,4503,693,817,4249,
1003,1347,1192,511,3359,671,846,638,1117,965,3187,3029,711,
524,2196,563,2355,750,666,1511,694,1959,2183,2089,1710,
2389,858,2176,1266,1196,1989,248,1932,2004,1834,1908,
1693,4557,1863,1733,1438,2309,229,4385,4221,492,
2846,543,532,1143,618,1475,2644,2606,1218,
3114,3027,3872,2417,4320,190,366,4171,
194,742,1148,1849,2939,3043,1592,
1484,1135,1811,2855,2875,1557,
1755,1200,3846,3600,943,
2082,2245,2265,1824,
4148,4004,257,
200,3899,
3736,
NOTE = 