SIZE = 21,
835,97,680,27,345,640,77,490,540,285,36,170,125,500,455,320,615,29,165,130,
865,235,610,370,705,660,520,610,250,480,205,265,590,81,360,655,545,420,605,
400,67,280,160,215,120,385,91,415,395,405,475,345,365,285,605,205,570,
650,280,320,450,350,265,435,385,590,445,175,440,370,755,485,255,150,
505,440,430,575,48,430,300,220,220,91,435,68,235,90,235,320,
240,495,310,380,165,305,380,140,105,340,185,350,150,480,280,
440,380,200,175,535,150,600,430,575,155,555,240,125,63,
690,180,190,545,290,170,380,625,420,345,225,270,310,
460,350,425,100,235,295,440,370,750,390,200,605,
585,390,255,525,155,245,590,775,350,310,480,
635,205,375,495,415,350,515,355,715,78,
220,87,120,295,370,585,510,650,320,
240,425,480,515,255,155,140,390,
485,160,240,495,315,750,170,
600,280,645,240,475,110,
380,480,170,265,465,
585,625,125,700,
190,480,625,
475,96,
230,
NOTE = 