SIZE = 26,
40,20,81,62,31,148,117,34,76,99,95,117,130,23,63,127,68,71,135,66,156,210,172,27,116,
133,34,65,90,53,87,42,139,37,83,63,68,11,91,42,88,81,109,62,89,186,107,62,148,
32,55,71,64,96,53,64,27,47,68,30,42,59,56,92,72,39,71,106,186,135,129,80,
82,76,156,127,24,55,103,67,156,156,15,91,152,36,78,128,74,135,223,198,31,136,
95,93,68,34,54,51,89,98,62,37,93,66,64,135,77,114,91,205,163,63,139,
92,70,39,82,130,89,141,86,20,88,93,98,58,74,110,119,189,129,75,132,
147,90,94,190,122,173,157,26,113,181,111,116,180,83,180,268,185,87,157,
34,74,160,124,152,160,33,75,112,88,64,185,62,172,272,228,26,202,
11,107,11,92,63,83,35,62,36,65,29,59,54,102,77,93,64,
79,77,61,93,9,151,43,103,116,100,70,85,157,102,49,141,
107,128,182,9,81,121,130,51,190,95,148,197,161,58,181,
142,122,11,92,86,99,84,98,54,146,190,160,26,100,
155,44,74,159,133,78,125,110,181,257,230,87,188,
68,93,148,96,71,147,68,124,241,223,46,197,
39,73,18,26,13,22,22,51,50,40,93,
37,95,169,87,44,80,154,144,46,125,
102,54,139,100,175,250,206,53,155,
100,78,98,153,178,140,56,111,
87,84,91,196,158,61,109,
82,165,278,193,38,194,
103,212,140,52,122,
280,222,112,188,
220,128,127,
136,179,
65,
NOTE = 