SIZE = 48,
820,2138,442,803,355,580,227,763,326,1878,1338,819,1982,370,1226,413,1474,1473,290,2421,875,161,1467,653,1501,1580,173,847,881,1125,833,743,400,180,697,361,578,1427,1114,1507,519,776,1969,384,740,776,1252,
2114,235,780,706,586,1153,915,652,569,972,1114,1155,1317,563,642,565,397,1573,405,679,397,285,1506,1060,835,1300,1259,1579,847,1356,205,1163,846,642,582,1149,2198,754,1011,2336,745,1286,604,919,1210,961,
1197,1467,1737,2285,1369,2455,1681,1114,2367,1943,2333,2408,2380,2026,1867,701,1030,973,668,1972,1872,1184,2734,145,1395,1376,2428,959,2182,2117,678,1891,1724,678,2101,1938,1506,1359,1475,1787,2493,1021,1975,2082,1785,
319,1361,918,767,155,665,651,1004,815,1453,400,1178,1123,316,290,1704,641,796,627,1009,995,180,1326,1183,816,1556,548,953,257,624,1280,790,921,219,937,1447,1238,567,410,2055,1213,454,1057,818,
312,883,316,826,1441,818,594,1033,1857,476,1254,907,269,188,1709,188,309,1309,331,940,90,107,311,915,328,343,1568,362,1829,1275,480,741,1038,1178,483,252,1828,435,947,939,726,642,500,
526,504,1131,424,547,623,1082,872,712,680,776,827,669,1744,1815,966,1029,649,967,939,1673,983,1086,666,443,1845,608,469,630,358,236,318,1359,833,1105,303,1051,2540,1479,1222,490,924,
745,622,732,1315,1397,669,598,166,492,703,878,607,768,721,1038,817,432,2405,390,529,794,1058,1753,123,1699,521,1144,463,290,661,1098,1171,739,1729,592,847,686,1282,525,491,488,
165,1716,1185,361,760,357,429,1457,1056,1769,538,2151,1097,466,251,626,2571,581,1617,1369,780,1007,516,1393,344,177,700,721,917,894,1438,947,507,2044,755,1849,976,369,695,1552,
1347,263,411,443,887,986,100,1104,807,1264,1287,713,1034,340,1488,1949,435,1000,739,1143,360,1204,863,1320,865,481,240,231,428,1802,1169,189,641,725,1475,803,594,510,426,
1024,736,952,1906,1643,968,983,1087,2339,826,1760,795,848,1181,2166,1111,1241,1726,2085,271,1188,1260,445,872,1255,949,813,1152,604,482,1039,898,919,2425,1698,1333,130,1763,
951,967,1263,1229,1539,1191,1654,1049,1908,1081,598,473,908,2523,1198,1640,551,723,582,504,1972,1010,304,558,1713,972,1073,801,892,828,2281,182,1427,484,406,457,653,
309,1446,1735,1761,708,96,866,1500,957,811,1780,831,534,930,1972,609,388,985,235,504,919,1425,839,1138,486,454,1809,879,1291,1835,140,2445,369,690,1008,1525,
1225,1159,1049,630,837,617,1650,1022,238,617,1017,347,626,583,739,723,1836,1364,1547,1137,610,861,510,626,670,2119,1315,516,1212,632,1885,482,798,414,358,
1137,1508,2300,1017,2145,2204,1592,1057,1456,1749,2300,1499,1280,1794,663,330,346,1466,1499,2083,1581,1316,588,1607,1783,586,1776,595,1036,1304,2202,1049,356,1690,
440,214,1095,1612,1146,838,1061,655,863,1926,1092,1119,554,293,552,216,987,2136,1362,541,1335,932,1129,831,927,823,220,1486,1950,623,992,645,1995,
511,1370,820,1019,632,254,499,770,1429,1551,267,618,478,2394,681,1434,660,884,451,402,1531,587,1983,940,1584,268,699,2708,882,1304,996,1496,
862,605,1489,748,568,1119,985,2043,700,792,235,862,783,805,371,178,1511,731,1524,396,1157,742,939,1051,1508,699,2385,812,543,220,355,
1094,2520,482,392,1023,879,1986,334,1358,358,649,1184,1124,1148,330,663,1161,920,515,453,882,567,1204,861,1227,2439,410,1212,905,1291,
1614,1018,559,197,1399,1744,803,937,1199,690,1089,999,636,836,999,644,744,1560,757,1356,1105,1235,2435,1272,2412,129,335,1903,557,
1508,1865,1796,2237,1176,1166,2139,1752,969,2059,1717,443,2108,229,1644,550,335,2179,1239,1890,1961,1718,727,1888,1240,1898,2266,940,
662,1560,1604,2301,1905,652,1210,260,1494,1631,1969,1479,1171,533,1092,853,646,292,570,1122,514,761,2066,864,1420,609,1374,
704,455,2139,291,354,1589,547,400,751,484,467,667,273,1272,1023,240,492,660,444,264,1723,685,262,242,942,231,
455,1858,525,325,470,943,1727,459,1727,483,697,916,154,550,902,182,1032,882,1326,815,2156,214,1169,665,238,
1645,1079,1023,197,456,503,374,689,1070,699,720,1473,676,1493,959,1219,1207,998,821,982,1137,341,902,1796,
1802,2264,2594,2091,2568,1688,1157,2699,1490,1446,2410,930,1963,1550,2374,896,781,600,2013,1483,1584,904,2121,
981,588,813,1341,596,579,703,1025,928,726,548,721,1745,1605,949,739,814,1497,630,334,296,973,
476,869,1019,238,1925,472,1052,645,1722,917,851,1374,225,849,796,1861,2063,590,393,426,1335,
552,585,1283,1402,781,222,803,435,1231,1173,1897,1286,631,1187,308,2115,420,1421,774,1152,
451,1214,371,410,479,543,483,591,740,664,325,882,1403,325,1985,337,524,428,913,
443,2099,1244,1094,666,685,598,1038,562,1299,1430,1472,83,2172,279,758,1698,973,
925,949,546,1251,90,1176,613,2203,701,959,923,1156,1836,902,641,495,229,
387,1162,1492,1668,1398,2089,999,1200,617,875,1829,1583,1453,1250,668,1837,
1828,115,317,853,779,1298,715,744,738,259,1107,528,375,1306,1590,
950,1519,1157,891,1480,1183,1087,2010,273,2165,320,252,2377,1479,
549,216,414,1936,676,503,928,453,1633,217,560,1463,579,
1461,749,2147,821,1720,1553,809,1371,350,506,345,572,
1163,442,1266,552,604,1353,945,674,352,1327,341,
1240,936,1110,1021,587,825,485,1251,429,1692,
2596,802,1042,1941,1758,667,2049,396,2485,
999,1038,676,1969,1100,1580,1621,533,
1600,792,1252,1256,1148,882,702,
2238,177,354,194,138,603,
1005,1603,1082,330,983,
2290,1759,1576,1239,
879,1461,521,
2237,2072,
1056,
NOTE = 