SIZE = 42,
101,40,107,78,75,120,126,149,104,143,77,115,49,106,115,145,88,108,23,114,40,65,90,98,63,67,106,191,104,84,48,90,61,109,67,84,181,71,130,99,114,
164,47,188,55,78,83,88,86,116,161,147,32,134,186,108,71,86,144,5,25,11,58,109,41,3,71,84,80,57,176,105,182,63,41,54,88,37,119,64,92,
102,87,44,21,22,114,19,27,40,62,37,46,93,77,87,84,77,147,8,171,56,71,40,171,96,14,111,64,80,46,36,39,137,60,29,98,34,107,64,
83,76,122,42,71,146,159,179,60,25,155,66,79,40,70,110,64,18,35,61,51,33,21,60,98,66,74,147,44,185,60,46,36,105,57,133,48,70,
39,27,38,112,32,29,46,106,12,30,91,116,47,66,89,166,11,134,49,69,39,166,95,36,84,46,44,51,46,34,99,36,47,93,28,75,98,
136,44,81,108,127,121,23,14,159,30,79,39,50,62,61,21,18,74,35,14,35,46,124,54,67,78,43,89,81,34,23,101,46,155,43,42,
140,130,142,178,94,59,31,123,34,124,72,110,28,90,27,101,104,96,34,67,105,161,115,134,63,141,68,123,102,62,170,121,142,90,104,
88,142,106,51,42,28,63,43,108,27,64,26,111,8,46,97,85,28,45,39,112,60,41,32,83,36,89,38,31,93,30,75,36,66,
97,123,77,66,41,110,83,108,63,107,69,86,23,84,76,98,46,82,67,150,103,59,36,99,34,62,69,57,140,59,124,72,62,
174,96,46,48,120,30,111,59,85,34,87,21,102,128,71,53,97,75,146,91,146,69,103,83,150,108,29,101,124,186,51,86,
94,48,26,165,36,129,54,118,41,90,31,118,155,59,35,95,83,133,117,114,84,71,80,155,135,46,138,147,185,84,107,
46,50,137,34,84,58,64,44,140,30,161,97,56,68,156,90,80,56,164,118,43,117,76,131,36,78,148,139,87,65,
21,49,105,88,42,79,63,186,20,93,56,111,33,91,31,85,98,32,64,92,47,55,73,28,119,52,54,36,59,
45,15,26,21,15,32,32,8,21,23,30,39,15,18,41,24,30,27,20,49,15,29,47,76,13,43,20,17,
32,105,82,86,48,124,22,163,126,61,42,139,71,124,104,160,73,49,122,87,163,62,106,126,164,93,97,
110,32,97,48,192,3,97,42,113,9,117,72,45,63,41,50,50,48,50,96,36,77,71,33,44,91,
61,66,35,77,11,70,67,75,46,79,77,146,117,86,28,115,50,86,64,51,185,65,126,68,71,
25,99,60,15,41,40,39,49,38,60,105,50,32,59,34,30,44,54,50,120,37,69,61,15,
102,98,5,58,62,62,22,53,66,142,81,47,77,53,49,78,72,31,150,67,118,20,62,
180,29,176,60,66,54,144,56,29,105,83,85,30,89,44,176,81,22,136,53,88,74,
6,55,66,150,38,12,74,94,92,61,188,113,167,84,41,48,107,53,119,77,80,
9,11,12,45,6,6,10,20,9,5,20,21,12,12,9,35,17,26,17,10,
34,70,38,29,56,71,78,26,151,51,129,36,35,32,65,37,139,62,50,
63,25,33,49,128,82,69,75,64,86,95,20,29,113,41,160,53,59,
29,87,47,130,85,25,51,91,53,55,53,42,126,47,57,53,38,
27,17,81,35,24,55,28,70,24,24,37,85,23,58,21,26,
66,60,62,18,125,65,157,40,33,45,62,30,113,45,59,
130,40,53,45,62,77,49,46,16,135,46,101,58,59,
156,111,57,136,62,100,103,90,187,97,143,125,137,
52,43,81,42,71,75,41,144,63,128,44,81,
90,31,130,42,41,24,85,59,133,49,51,
34,114,49,178,69,59,172,78,27,72,
38,91,48,24,109,36,60,36,61,
63,151,62,60,172,77,60,82,
34,35,123,25,120,39,52,
34,73,45,159,49,54,
99,43,58,62,20,
99,140,124,142,
158,38,62,
72,93,
60,
NOTE = 